yes
bezier

1 1 1
0 0 0    -0.5     0.0     +0.1
1 0 0    +0.5     0.0     +0.1
0 1 0    +0.348  -1.469   +0.1
1 1 0    +0.915  -1.469   +0.1
0 0 1    -0.5     0.0     -0.1
1 0 1    +0.5     0.0     -0.1
0 1 1    +0.348  -1.469   -0.1
1 1 1    +0.915  -1.469   -0.1

0.00 0.00
0.00 0.00
0.20 0.20

3 1 1
0 0 0   0e0  0e0  0e0    0e0  0e0  0e0 
1 0 0   0e0  0e0 -1e-1   0e0  0e0  1e-1
2 0 0   0e0  0e0 -1e-1   0e0  0e0  1e-1
3 0 0   0e0  0e0  0e0    0e0  0e0  0e0

0 1 0   0e0  0e0  0e0    0e0  0e0  0e0
1 1 0   0e0  0e0 -1e-1   0e0  0e0  1e-1
2 1 0   0e0  0e0 -1e-1   0e0  0e0  1e-1
3 1 0   0e0  0e0  0e0    0e0  0e0  0e0

0 0 1   0e0  0e0  0e0    0e0  0e0  0e0
1 0 1   0e0  0e0 -1e-1   0e0  0e0  1e-1
2 0 1   0e0  0e0 -1e-1   0e0  0e0  1e-1
3 0 1   0e0  0e0  0e0    0e0  0e0  0e0

0 1 1   0e0  0e0  0e0    0e0  0e0  0e0
1 1 1   0e0  0e0 -1e-1   0e0  0e0  1e-1
2 1 1   0e0  0e0 -1e-1   0e0  0e0  1e-1
3 1 1   0e0  0e0  0e0    0e0  0e0  0e0

yes
0.0 -1.0 0.0
1
1
0.0 0.0 0.0
0.648 -1.507 0.0
